 3.43697500
 -7.7436260
 -37.798622
 -20.689318
 -48.026058
 -22.152225
 2.00287400
 52.4566540
 -28.530817
 27.8205450
 10.6904340
 -38.613754
 -38.593456
 -22.062544
 -39.313038
 -6.5739600
 -10.509413
 -55.701790
 36.2511790
 -38.133751
 42.0590670
 4.20835900
 33.3329700
 -50.674561
 4.88591000
 -24.473690
 -32.690742
 -14.501988
 39.3715210
 -39.478195
 19.2785300
 -37.129242
 25.4808880
 41.0183870
 -36.253166
 39.7426610
 -47.917328
 -29.272230
 31.5111730
 -18.553335
 -38.916828
 -34.757156
 -20.703360
 23.9631390
 2.87430700
 -50.714718
 19.2162250
 29.4337100
 38.5760650
 20.2149730
 -8.4095610
 13.1291450
 -50.859539
 -2.1861720
 -23.832712
 4.73989000
 26.6618540
 32.4237250
 5.89016500
 29.5451530
 -44.018330
 -48.070950
 -44.078121
 -55.580173
 -38.016689
 -6.0747330
 6.19670800
 -27.388126
 -11.335609
 -3.9493570
 36.3775480
 -12.658031
 -30.842199
 -16.897703
 -10.007130
 52.9821590
 51.8753280
 57.5548440
 53.0701100
 -56.859196
 34.5756340
 -20.853956
 8.84175700
 -17.865515
 11.9382100
 44.4103090
 -20.680965
 -48.907181
 -26.614857
 11.2092250
 -49.895885
 -8.7305810
